-11670.388181971237
91310.87150884155
-744.090297301133
-7238.747095977971
-2592.491239120677
-884.1067592556577
-980.0095938256662
-2514.560847544055
-383.71794175490896
-5398.685335507569
-15367.56127122214
68721.99823443103
29688.689398568386
8.445952808566979
-3594.4219128257755
29801.23079556948
-4609.72885629602
91.52601312608779
44509.10578219967
19734.173971515127
4891.042586548977
-1060.7528982503623
3100.4340388325427
5237.699464102921
6830.22444114574
761.8418577773613
12427.73820882493
84003.76924387194
